A B C D E F G H
A         0    4.6900    6.7900    3.5000    3.1100    4.4600    5.5700 3.0000
B    4.6900         0    2.1000    2.2700    2.6500    2.3600    1.9900 1.7400
C    6.7900    2.1000         0    3.7800    4.5300    2.8300    2.4400 3.7900
D    3.5000    2.2700    3.7800         0    1.9800    4.3500    2.0700 0.5300
E    3.1100    2.6500    4.5300    1.9800         0    3.8000    3.3100 1.4700
F    4.4600    2.3600    2.8300    4.3500    3.8000         0    4.3500 3.8200
G    5.5700    1.9900    2.4400    2.0700    3.3100    4.3500         0 2.5700
H    3.0000    1.7400    3.7900    0.5300    1.4700    3.8200    2.5700 0
