canada 0 21 20 7 25 14 24 22 22
china 21 0 7 16 24 9 9 9 19
france 20 7 0 17 17 6 2 8 12
germany 7 16 17 0 16 13 21 17 15
japan 25 24 17 16 0 15 19 15 7
poland 14 9 6 13 15 0 8 8 16
russia 24 9 2 21 19 8 0 12 16
ukraine 22 9 8 17 15 18 12 0 12
usa 22 19 12 15 7 16 16 12 9
